Sample Total_reads(M) Mapped_reads(M) Mapped_reads(%) Uniquely_mapped(%) Multi_mapped(%) Unmapped_too_short(%)
ERR10359863  36.13          35.38           97.94           	96.28             	1.66           	2.05               
ERR10359864  36.12          35.50           98.28           	96.74             	1.54           	1.71               
ERR10359865  36.12          35.54           98.41           	96.86             	1.55           	1.57               
ERR10359866  36.08          35.43           98.18           	96.60             	1.58           	1.81               
ERR10359867  36.17          35.46           98.04           	96.50             	1.54           	1.95               
ERR10359868  30.78          30.32           98.50           	97.18             	1.32           	1.49               
ERR10359869  33.00          32.50           98.48           	97.14             	1.34           	1.52               
ERR10359870  36.10          35.56           98.50           	97.03             	1.47           	1.50               
ERR10359871  34.78          34.23           98.43           	97.17             	1.26           	1.57               
ERR10359872  35.64          35.08           98.41           	97.13             	1.28           	1.59               
ERR10359873  35.25          34.61           98.17           	96.70             	1.47           	1.82               
ERR10359874  36.18          35.47           98.03           	96.53             	1.50           	1.96               
ERR10359875  36.24          35.75           98.64           	97.13             	1.51           	1.36               
ERR10359876  36.12          35.43           98.08           	96.47             	1.61           	1.91               
ERR10359877  32.61          32.03           98.20           	96.12             	2.08           	1.79               
ERR10359878  36.22          35.69           98.55           	96.75             	1.80           	1.45               
ERR10359879  36.16          35.63           98.54           	97.13             	1.41           	1.45               
ERR10359880  36.25          35.71           98.52           	97.19             	1.33           	1.47               
ERR10359881  36.24          35.68           98.46           	96.98             	1.48           	1.54               
ERR10359882  36.04          35.35           98.08           	96.61             	1.47           	1.92               
ERR10359883  35.93          35.21           97.98           	96.47             	1.51           	2.00               
ERR10359884  36.19          35.49           98.06           	96.55             	1.51           	1.94               
ERR10359885  31.95          31.34           98.09           	96.57             	1.52           	1.90               
ERR10359886  36.13          35.35           97.85           	96.49             	1.36           	2.14               
ERR10359887  36.24          35.55           98.10           	96.67             	1.43           	1.89               
ERR10359888  36.23          35.76           98.72           	97.56             	1.16           	1.28               
ERR10359889  36.14          35.67           98.70           	97.49             	1.21           	1.30               
ERR10359890  36.11          35.69           98.84           	97.67             	1.17           	1.16               
ERR10359891  36.13          35.60           98.53           	97.43             	1.10           	1.47               
ERR10359892  36.12          35.68           98.79           	97.49             	1.30           	1.21               
ERR10359893  36.27          35.35           97.46           	94.75             	2.71           	2.53               
ERR10359894  36.19          35.54           98.20           	96.72             	1.48           	1.79               
ERR10359895  34.34          33.64           97.96           	96.36             	1.60           	2.04               
ERR10359896  36.32          35.66           98.17           	96.72             	1.45           	1.81               
ERR10359897  31.73          31.11           98.03           	96.66             	1.37           	1.96               
ERR10359898  36.20          35.77           98.81           	97.62             	1.19           	1.19               
ERR10359899  36.15          35.59           98.44           	97.27             	1.17           	1.56               
ERR10359900  36.06          35.49           98.43           	97.13             	1.30           	1.56               
ERR10359901  36.08          35.53           98.48           	96.96             	1.52           	1.52               
ERR10359902  36.02          35.51           98.57           	97.16             	1.41           	1.42               
